Final Correct/Total:
 Train Accuracy: ([3703, 3949, 3514, 3133, 3626, 3261, 3817, 3835, 3931, 3914], [4139, 4175, 4182, 4178, 4168, 4173, 4126, 4155, 4200, 4171])
 Validation Accuracy: ([628, 750, 431, 380, 570, 509, 674, 680, 653, 623], [861, 825, 818, 822, 832, 827, 874, 845, 800, 829])
 Test Accuracy: ([758, 889, 533, 461, 647, 642, 751, 774, 833, 754], [1000, 1000, 1000, 1000, 1000, 1000, 1000, 1000, 1000, 1000])
Final Accuracy:
 Train Accuracy: [0.89466055 0.94586826 0.84026781 0.74988033 0.86996161 0.78145219
 0.92510906 0.92298436 0.93595238 0.93838408]0.8804520636582505
 Validation Accuracy: [0.72938444 0.90909091 0.52689487 0.4622871  0.68509615 0.61547763
 0.77116705 0.80473373 0.81625    0.75150784]0.707188971641261
 Test Accuracy: [0.758 0.889 0.533 0.461 0.647 0.642 0.751 0.774 0.833 0.754]0.7041999999999999
