Final Correct/Total:
 Train Accuracy: ([3989, 4042, 3931, 3793, 3956, 3928, 3992, 4000, 4078, 4020], [4163, 4153, 4176, 4116, 4174, 4211, 4164, 4148, 4180, 4182])
 Validation Accuracy: ([591, 686, 429, 463, 520, 447, 670, 646, 653, 591], [837, 847, 824, 884, 826, 789, 836, 852, 820, 818])
 Test Accuracy: ([693, 803, 513, 517, 612, 589, 790, 740, 809, 704], [1000, 1000, 1000, 1000, 1000, 1000, 1000, 1000, 1000, 1000])
Final Accuracy:
 Train Accuracy: [0.95820322 0.97327233 0.94133142 0.92152575 0.94777192 0.93279506
 0.95869356 0.96432015 0.97559809 0.96126255]
 Validation Accuracy: [0.70609319 0.80991736 0.52063107 0.52375566 0.62953995 0.56653992
 0.80143541 0.75821596 0.79634146 0.72249389]
 Test Accuracy: [0.693 0.803 0.513 0.517 0.612 0.589 0.79  0.74  0.809 0.704]
