Final Correct/Total:
 Train Accuracy: ([3908, 3955, 3709, 3519, 3778, 3590, 3917, 3913, 3981, 3939], [4169, 4136, 4190, 4195, 4144, 4171, 4165, 4165, 4146, 4186])
 Validation Accuracy: ([520, 594, 486, 402, 552, 485, 587, 584, 724, 625], [831, 864, 810, 805, 856, 829, 835, 835, 854, 814])
 Test Accuracy: ([642, 719, 585, 486, 619, 614, 730, 701, 837, 778], [1000, 1000, 1000, 1000, 1000, 1000, 1000, 1000, 1000, 1000])
Final Accuracy:
 Train Accuracy: [0.93739506 0.95623791 0.88520286 0.83885578 0.91167954 0.86070487
 0.94045618 0.9394958  0.9602026  0.94099379]0.9171224392595867
 Validation Accuracy: [0.62575211 0.6875     0.6        0.49937888 0.64485981 0.58504222
 0.70299401 0.6994012  0.84777518 0.76781327]0.666051667354795
 Test Accuracy: [0.642 0.719 0.585 0.486 0.619 0.614 0.73  0.701 0.837 0.778]0.6711
