Final Correct/Total:
 Train Accuracy: ([3553, 3851, 3074, 2656, 3378, 2755, 3695, 3641, 3781, 3758], [4142, 4203, 4141, 4153, 4215, 4161, 4197, 4175, 4125, 4155])
 Validation Accuracy: ([597, 584, 498, 441, 624, 465, 516, 626, 651, 577], [858, 797, 859, 847, 785, 839, 803, 825, 875, 845])
 Test Accuracy: ([716, 726, 549, 507, 791, 558, 631, 759, 748, 698], [1000, 1000, 1000, 1000, 1000, 1000, 1000, 1000, 1000, 1000])
Final Accuracy:
 Train Accuracy: [0.85779817 0.9162503  0.74233277 0.63953768 0.80142349 0.66210046
 0.88039076 0.87209581 0.91660606 0.90445247]0.8192987951372326
 Validation Accuracy: [0.6958042  0.7327478  0.57974389 0.52066116 0.79490446 0.55423123
 0.64259029 0.75878788 0.744      0.68284024]0.6706311133487993
 Test Accuracy: [0.716 0.726 0.549 0.507 0.791 0.558 0.631 0.759 0.748 0.698]0.6683
